算法说明：

　　冒泡排序大概的意思是按位置从第一位（索引0）到末位，每一轮当前位依次和当前位往后的所有值比较，然后根据大小判断是否交换位置。
由于在排序过程中每一轮筛选完后总是有一个对应正确位置的数往前放（如果是从小到大，第一轮，首位为最小值。第二轮，第二位倒数第二小值，以此类推），
类似于气泡往上升，所以称作冒泡排序。但其实在实际过程中也可以根据自己需要反过来用，大数往前放，小数往后放。

这个排序规则相当简单，看下面演示(从小到大排序)：
初始数组：
[23,15,43,25,54,2,6,82,11,5,21]
第一位（第一轮不管交不交换位置，始终比较第一位，确定最小值）的值依次从左到右比较，大于交互位置，小于不变。
[15,23,43,25,54,2,6,82,11,5,21]  23大于15，交换位置
[15,23,43,25,54,2,6,82,11,5,21]  15小于43，不变
[15,23,43,25,54,2,6,82,11,5,21]  15小于25，不变
[15,23,43,25,54,2,6,82,11,5,21]  15小于54，不变
[2,23,43,25,54,15,6,82,11,5,21]  15大于2，交换位置
[2,23,43,25,54,15,6,82,11,5,21]  2小于6，不变
[2,23,43,25,54,15,6,82,11,5,21]  2小于82，不变
[2,23,43,25,54,15,6,82,11,5,21]  2小于11，不变
[2,23,43,25,54,15,6,82,11,5,21]  2小于5，不变
[2,23,43,25,54,15,6,82,11,5,21]  2小于21，不变
然后，进行第二位比较，以此类推。
[2,23,43,25,54,15,6,82,11,5,21]  23小于43，不变
[2,23,43,25,54,15,6,82,11,5,21]  23小于25，不变
[2,23,43,25,54,15,6,82,11,5,21]  23小于54，不变
[2,15,43,25,54,23,6,82,11,5,21]  23大于15，交换位置
......

php算法实现
$a = [23,15,43,25,54,2,6,82,11,5,21];

//第一位索引为0开始，依次比较
for($i = 0; $i < count($a); $i++){
  //当前位$i和当前位往后的每一位比较
  for($j = $i+1; $j < count($a); $j++){
    //小于等于不变，大于互换位置
    if($a[$i] > $a[$j]){
       $tmp = $a[$i];
       $a[$i] = $a[$j];
       $a[$j] = $tmp;
    }
  }
}

var_dump($a);
